44138
40912
41311
34479
14474
4972
5953
5334
5181
4889
3685
3855
3971
4025
3842
4085
3834
4188
3726
3969
4341
4358
4021
4123
4469
4299
4224
4226
4766
4930
4505
4743
4857
4622
4614
4601
4940
4809
4739
4910
4867
4568
4582
5210
4970
4636
4572
5289
4762
4842
5107
4935
4620
4866
4484
5181
4984
4796
4846
5239
5004
4726
5319
5779
6055
5646
5849
6213
6160
6803
7148
7048
7213
7324
7668
7331
7084
7096
6964
7114
6747
7571
7579
7364
6993
6615
6619
6075
6226
6920
6783
6045
6643
5961
5373
6564
6340
5765
6455
5997
5903
6133
5797
5854
6216
6300
5508
5936
5979
5943
5898
6489
5820
6251
6092
5861
5814
5968
5969
5993
6097
5868
6108
5704
6046
5760
6193
5810
6132
5696
5973
5455
5763
6062
6027
5848
6075
5620
6267
5609
5777
5552
5828
5864
5789
5868
5665
5965
5795
5698
5483
6019
5580
6152
5502
6228
5664
6230
6061
5958
6209
5676
6369
5742
5858
5605
6060
6240
5547
5658
5926
5482
6052
5957
5743
5764
5981
5629
5961
5795
5924
5621
5928
5834
5610
5448
5830
5502
5530
5608
5541
5659
5412
5748
5461
5768
5822
5558
5472
5703
5315
5625
5304
5367
5409
5744
5799
5725
5354
5396
5457
5524
5628
5628
5367
5736
5430
5413
5426
5510
5406
5407
5641
5421
5300
5695
5361
5177
5837
5212
5735
5293
5194
5920
5552
5586
5467
5440
5539
5592
5187
5693
5343
5475
5704
5064
5261
5727
5240
5103
5377
5437
5225
5018
5286
5743
5186
5129
5800
5549
5178
5626
5140
5330
5143
5475
5217
5191
5195
5325
5527
5152
5214
5288
5290
5703
5003
5077
5603
5597
5067
4973
5521
5756
5043
5163
5347
5188
5100
5486
5310
5028
5714
5356
5346
5722
5064
5297
5323
5248
5370
5250
5386
5318
5216
5353
5315
5567
5042
5093
5285
5837
5019
4857
5701
5288
5143
4910
4954
5659
5268
5289
4953
5332
5687
5135
4987
5192
4790
5067
5813
5042
4983
5142
5104
5143
5249
4862
4942
5378
5359
5266
5197
5353
5326
5203
4918
5030
5346
5123
5239
5044
4894
5444
5409
5251
5174
5378
5453
5530
5296
5627
5499
5659
5305
5177
5470
5495
5828
5306
5601
5722
5436
5630
5806
5572
5525
5375
5682
5918
5432
5517
5612
5830
5238
5136
5224
5668
5482
5178
5592
5293
5197
5387
5164
5445
5266
5630
5636
5263
5266
5318
5210
5168
5253
5451
5386
5166
5795
5188
5231
5366
5191
5334
5228
5072
5306
5591
5273
5664
5079
5391
5263
5663
5163
5735
5385
5151
5230
5293
5226
5177
5625
5282
5493
5216
5269
5274
5255
5505
5021
5289
5368
5230
5136
5375
4963
5103
5321
5426
5075
5191
5139
5057
5457
5288
4819
5338
5093
4890
5164
5319
5168
5212
5225
5283
5224
5511
5278
5064
5299
5264
5137
5450
5502
5421
5284
5092
5436
5183
5267
5320
5160
5050
5062
5336
5327
5134
5145
5163
5063
5087
5043
5093
5132
5062
5020
5129
5252
5055
5209
5114
5177
5072
5067
5199
5071
5063
5064
5244
4885
5145
4979
5077
5006
5213
5170
5299
5193
4606
5456
5300
4750
5236
5077
5143
5122
5026
5066
4826
5037
5079
5087
4965
4966
5181
5056
5079
5219
5409
5131
5006
4976
4878
4843
5114
5090
4956
5207
4962
5064
5259
5015
5209
5421
5049
4956
5125
5085
5104
5271
5322
4855
4934
5147
5045
5090
4826
5097
5053
4909
4890
4681
5285
5091
5159
4658
4820
5026
4890
5005
5417
4981
5212
5083
5022
5075
5027
4966
5033
4984
4954
4965
5032
5053
4965
5129
5051
5141
5515
4849
4904
4893
4853
5177
5036
4746
4712
5167
4918
4920
5512
4934
4976
5043
4614
4835
4845
4915
4842
5262
4750
5411
4876
4993
4765
4891
4982
4683
5140
5256
5008
4996
5004
5189
4982
4991
4887
4936
4952
4945
5375
4838
5360
5105
4498
5350
4507
5048
5216
5232
5020
4916
4953
5049
5136
4607
4832
4952
5040
4899
5055
4966
5216
5008
4696
4919
5036
5271
4720
5064
4955
4919
5199
5060
4795
5063
4808
5099
4801
4859
4907
4863
5037
5046
5091
5235
4764
4856
5018
4673
5026
4721
5081
4813
5048
5139
4770
5271
4912
4796
4882
4894
4694
4696
5011
4904
4666
5224
4968
4756
4920
4864
4639
5077
4670
4889
4942
4914
4963
4855
5163
5105
4881
5339
4946
4882
5090
4866
4689
4932
4835
4965
4883
4861
4979
4744
4706
4818
4845
4830
4808
4799
4848
4900
4803
4794
4875
4959
4769
4848
5200
4974
5026
5011
4824
5089
4938
4906
4889
4779
4809
4895
4737
4813
4750
4989
4748
4798
4680
4795
4607
4698
4904
4489
4898
4714
4847
4767
4798
5034
4899
4958
4586
4895
4999
4877
4831
4796
4888
4790
4887
4740
4843
4819
4809
4854
4682
4770
4902
4649
5059
4526
5002
4499
5104
4508
4746
4973
4643
4806
4776
4776
4703
4604
4978
4955
4832
4792
4774
4582
4694
5283
4647
4775
4656
4900
5195
4534
4755
4739
4968
4846
4692
4709
4326
4397
4816
4661
4702
4866
4645
4802
4588
4766
4621
4525
4724
4794
4679
4626
4437
4408
4649
4371
4841
4584
4726
4651
4817
4856
4706
4428
4956
4475
4427
4825
4822
4619
4964
4523
4685
4751
4673
4491
4356
4839
4826
4781
4584
4712
4334
4624
4734
4417
4721
4687
4651
4753
4729
4626
4834
4674
4642
4656
4492
4775
4657
4709
4953
4339
4379
4668
4649
4790
4826
4779
4593
4846
4442
4750
4616
4814
4733
4615
4347
4697
4769
4494
4705
4736
4725
4262
4566
4519
4506
4476
4702
4493
4539
4669
4537
4736
4466
4658
4429
4441
4894
4232
4574
4577
4827
4448
4668
4617
4681
4693
4642
4678
5058
4629
4575
4464
4678
4595
4618
4635
4626
4563
4434
4547
4714
4720
4322
4720
4493
4409
4469
4698
4435
4482
4546
4616
4457
4691
4300
4564
4612
4584
4355
4880
4575
4452
4529
4596
4890
4651
4573
4291
4949
4552
4591
4850
4639
4533
4482
4067
4560
4615
4655
4741
4536
4618
4565
4620
4676
4542
4684
4308
4485
4736
4493
4483
4390
4553
4633
4637
4363
4700
4481
4529
4407
4511
4581
4446
4518
4516
4635
4582
4692
4213
4419
4467
4555
4323
4310
4603
4702
4580
4515
4431
4522
4394
4368
4669
4540
4557
4295
4284
4519
4594
4502
4555
4310
4514
4251
4234
4250
4609
4622
4612
4538
4592
4577
4449
4503
4216
4215
4316
4458
4471
4433
4293
4587
4553
4199
4651
4539
4524
4227




44726
40829
41827
41824
41796
42196
31058
24853
7253
5633
7420
7183
7939
7115
6576
5527
5386
6177
5586
5758
5394
6285
5529
5857
6306
6349
6072
6567
6527
6773
6501
7182
6945
6543
7040
7296
6565
6701
7383
7277
7009
7013
7614
7669
7420
7464
6576
7356
7049
6940
7732
7453
7117
6633
6711
7049
6597
7685
7452
6820
7477
6630
7536
6875
7186
7798
7267
7810
7458
8508
8492
8652
9320
9087
8983
9160
9058
10745
11403
11333
11779
11169
11039
9742
12437
10840
8540
8729
10418
9333
9852
8628
8123
8926
8912
8762
7945
7872
8362
8447
8607
8367
8437
7074
8658
7820
7764
8669
8210
8292
8489
8053
7818
7813
8334
7678
8083
8483
7620
8285
7897
8061
8081
8378
7968
8167
8191
7246
8345
7917
7565
8384
7521
8248
8299
8152
7583
8689
8290
8340
7535
8428
7866
8272
8067
8530
8040
8142
8155
8287
8560
8226
8304
7259
8454
8269
8009
7656
8491
8412
8352
7511
8177
8119
9621
11476
11503
14038
12009
13296
12974
9268
13504
10572
7774
13905
9971
11956
10173
15693
15938
14935
10125
11991
9701
12542
13758
12797
10215
11769
13910
13009
16212
12106
13615
13217
13363
13528
14551
13418
12209
10959
10820
13287
15771
14485
13555
15125
13090
13759
15939
14567
15129
14687
14876
15164
14054
14098
13889
15280
16150
14740
15152
12707
13542
15258
14022
13532
14624
14089
12195
13944
13203
13059
13105
14064
13679
12619
13844
12148
13325
14157
13279
13692
13501
12579
12535
11900
13423
11384
11619
12057
12929
12745
13455
11734
12053
11605
11246
10671
11887
10361
11863
13699
11634
11720
11369
13541
14792
14561
14300
13521
14401
14185
14753
15643
13784
13162
14987
14109
15658
13455
14486
15055
12945
15695
12748
13466
14306
13854
14960
13468
15160
14935
14459
15570
14859
15101
12761
16614
12904
14966
14555
15356
14507
15640
13232
14154
12874
14385
12913
12933
14732
13074
11786
12336
13466
13560
13259
11714
13114
12969
14386
11520
12182
13683
12438
13711
12575
11931
13117
11520
11151
13034
13073
13002
12995
12984
11034
11914
12557
11592
10914
11709
12374
11628
11392
12845
11512
11015
10866
11230
11078
12359
12121
12189
11510
11177
11562
11196
11219
10825
10987
11180
11491
11681
10348
11525
11303
10069
12887
11173
13934
12596
11962
12505
12691
14168
13673
13851
13728
14665
14750
13153
12606
14469
13341
14493
15400
13126
14546
13517
13655
14137
14712
14482
14634
14560
13286
15098
14184
13669
13561
12182
13857
13485
12197
13450
12292
11475
12014
13222
12732
12529
12314
12338
12178
12368
11981
12361
12535
12966
11227
12399
12168
12073
11500
11782
11868
11140
12114
11541
11378
12220
11744
10853
11229
11614
11606
11816
11261
11887
11278
10988
10587
11880
10896
11117
11559
11086
11673
11579
10284
10832
10206
10908
11151
11274
10799
10574
10787
10580
11125
10785
10257
9869
10862
10075
11044
11080
10738
9429
10652
10549
10547
11382
9762
10296
10716
10438
10950
10487
10425
10996
10327
11281
11954
10374
11180
11850
10988
11849
12043
11417
11814
13080
12500
13336
12500
13112
13016
12642
11959
12923
11952
12825
12736
11843
12371
12250
12975
12345
12243
11232
11794
11748
12026
12038
11979
11690
13018
11633
11876
12343
11923
10868
11090
11949
10721
12308
11327
11062
11621
11814
11276
10786
10170
11853
10008
11643
11633
9809
10518
11275
10456
10506
10666
12140
10617
11536
11310
10863
10421
10278
10176
10690
10701
10817
10903
11020
10269
10468
10226
10427
10967
10852
10334
10532
9307
10000
10412
10261
10321
10892
9946
10053
10305
10322
9868
9256
9935
9809
9717
10120
9888
9414
10522
9993
9685
9585
9560
9388
10187
10583
8896
9956
9339
9790
9260
9687
9562
9968
10529
9669
8786
9221
10417
10215
9962
9601
9814
8656
10277
10928
10043
10425
10205
11487
11054
10271
11640
10938
11568
10967
10346
10796
11332
10919
11209
11488
11184
11065
11005
11411
12394
11602
10488
11372
11466
10249
11063
11105
9863
10879
10971
11292
10932
9970
11821
10246
10207
11290
10987
10766
10584
10359
10599
9956
9996
10690
11005
10258
10444
9070
11132
9983
9763
10793
10406
10747
10239
9898
9952
10423
9122
11151
9492
10378
9271
9993
10375
10027
9892
9831
9895
10036
9905
9328
10046
10095
10200
9137
9121
9626
8889
9286
9931
9835
9300
9558
9368
9439
9126
9864
9482
9979
9013
8529
9743
9034
9002
8761
9045
8977
9456
9052
9101
9092
7835
8671
9719
9506
9018
9731
9363
8825
8726
8570
8914
8676
8316
8196
9043
8485
7973
8894
8611
9367
9250
8791
9275
7929
8720
8082
9195
8911
9207
8570
8209
9558
8700
8814
9400
9400
8454
9543
9392
9553
9785
8838
8956
10232
9462
9967
9658
9569
9381
10416
9710
9224
10038
8876
10833
10180
9923
10480
9646
10436
9484
10437
9986
9671
10265
9669
9692
9532
9941
9703
8463
10149
9339
9851
9507
10497
9709
9381
9281
9698
10510
9775
9272
9631
9234
9515
8969
8904
9037
9332
9699
9285
9906
9614
8867
9185
9277
8403
8385
8657
8176
9656
9734
9379
9260
8618
8741
8940
8723
9397
8710
8676
8119
8980
8255
8306
8602
8987
9075
8065
8353
9036
8503
9057
9216
8731
8535
8300
8113
8174
8565
8017
7927
8733
8268
8524
8328
7853
7867
8043
8898
8065
8488
8802
7774
8457
7801
7938
8125
7421
7900
7869
7371
8362
8018
7039
8293
7212
7170
8716
8178
7725
7568
8067
7970
7958
8508
8340
7919
7388
7638
7141
7652
7539
7758
7996
7840
8269
7410
7067
7539
7350
8279
8343
8171
8076
7320
8005
8231
8160
7982
8059
8271
8652
8264
8091
8273
8260
8246
7578
9048
8010
9101
8295
8172
7892
9035
8067
8160
8683
8891
8608
8217
7960
9013
8493
9032
9077
8578
7828
8050
9251
8581
8167
9014
7753
8553
8858
8448
8749
9274
9165
8593
8817
8119
8817
6957
8587
8369
8897
7810
7530
8633
7977
8416
8382
9219
8675
8837
7938
7986
7698
8009
8511
7112
8041
7916
8048
7664
8610
8397
8743
8413
8345
8786
7544
7571
7982
7934
8594
7658
7680
7472
8060
7932
6937
8151
8158
7710
7611
7570
7458
7346
8393
7082
7789
8399
7933
7889
6742
6802
7059
7636
7682
8082
8228
6932
7753
7628
6954
7604
7602
7151
7704
7624
7518
7424
6931
7377
7506
7679
7097
7284
7422
7097
7549
6799
6959
7378
7183
6819
7369
7551
6964
6643
6924
6867
6285
6767
6924
6999
7309
7139
7655
6943
7257
6846
6956
6605
6952
6907
7077
7304
7763
7308
6570
6765
6830
7219
6834
6578
6898
6584
7570
6815
6187
7013
6992
7080
6685
6597
6379




43818
40509
40024
41925
41968
42811
43741
43166
44075
43870
37200
32852
15781
9370
8923
9433
8574
9458
10402
9087
8094
7537
7330
7530
7767
7442
8454
7227
8518
7910
8060
9007
8038
9054
8630
8932
10105
8853
8747
10052
9956
9881
9819
10665
9704
10361
9632
9775
11540
10120
9559
10984
10198
9888
10479
11152
9453
10455
9956
10428
10698
10089
10306
10589
11359
9765
9743
10408
10316
10662
10851
10932
10735
11805
11530
12110
14334
14418
15473
13822
15215
15832
15757
17531
19532
16680
15303
14684
14247
14430
14823
12929
12975
13259
7934
7678
8079
6109
5067
7333
8566
9615
8917
9281
9795
7963
8133
10275
10636
11524
9326
13111
11412
11447
14804
15281
15691
14539
17221
18990
20770
20439
23574
23799
18884
21716
23704
17301
17571
13829
17906
18165
17309
16159
13428
12395
15544
18919
19121
20041
19074
19863
19609
19195
20412
17394
21098
19524
20453
19923
19754
19544
20047
20774
19909
20198
18142
20674
19483
19187
18709
19211
18709
18675
20212
19218
19352
18770
19034
19634
20570
19438
17839
18859
16351
18591
16667
14889
12369
15264
15394
15049
14480
16320
15898
14360
17055
16161
17239
17456
17742
18230
18213
16847
18325
18922
16792
17673
18219
16854
19340
17742
18492
18023
17230
18253
17569
15782
19278
16275
15955
18275
16160
16572
17119
18052
18481
18278
18300
18179
18559
17617
17812
18147
17314
18013
17056
17795
19488
19859
17387
18037
17392
18645
17756
18955
17819
17578
18861
17282
17919
18171
18641
17830
19214
18097
18196
18234
19657
17764
16007
17688
18374
17743
16836
16849
16569
15678
15664
15409
16287
16364
16264
17060
17152
15557
15945
17597
18049
18245
17190
16881
16369
17053
17918
16905
15873
19373
15877
16988
18477
16516
17367
17430
16537
16114
16448
17057
15372
16154
17738
16683
18238
18388
16189
17045
17671
15501
18367
17191
16698
17199
18800
17576
16451
16949
17468
16709
18236
18415
17590
18947
17602
16679
16217
18378
17807
17040
16784
19777
16856
17172
17314
14669
18634
17054
17888
17001
16919
17111
19090
16660
15928
18749
17657
18425
15980
15848
15433
16902
17592
17204
17567
16375
14747
16049
16768
15418
17149
17588
16572
15881
17632
16001
17604
16888
17211
17841
16504
16483
15355
17129
17857
16727
15921
16674
17614
16441
17845
15482
16337
18432
15207
16439
17050
15879
17870
17329
15328
16429
18516
16875
16538
14922
16156
16188
17856
15636
17494
15365
15915
17687
18929
15736
16606
15912
17015
17161
15818
16578
15709
16271
17584
15536
17495
17311
16262
17159
15920
16468
17103
16468
15958
17510
16626
16817
15908
16929
15748
16353
15496
17090
16243
16622
17197
14127
16320
15859
16500
17124
15972
15978
16256
16136
17783
16726
15616
14394
15436
15590
15780
16049
15916
14938
17668
16397
15927
16039
16041
16157
15117
15987
16461
15495
15598
15736
16206
17555
15882
15173
16194
16017
17789
14871
15360
16046
15675
16216
15963
17048
14612
15712
16805
16144
15096
16618
16614
15343
15542
15427
14625
16970
15953
15957
15008
16897
15705
16148
16505
15388
15839
15314
15798
15436
17194
15606
16521
14939
14909
15469
15422
14938
15902
16372
15226
16586
14808
16747
16508
16038
15018
16079
14994
16227
15218
15030
14788
15154
14943
16008
15777
16088
16170
15462
15863
14540
12959
15120
16594
15697
15308
15490
15534
15319
15006
16069
15246
15311
14771
14939
14595
16190
15842
14462
14891
15068
15617
16546
15028
15446
15762
15214
15178
15769
14647
15678
15761
14040
15630
15033
15101
14872
15751
14932
13974
15460
15380
14133
15386
16583
15121
14344
14934
14848
15690
14658
15974
13951
15200
15046
12706
14621
14688
14523
14876
15721
14577
14639
14075
16412
15130
14929
14669
15245
14263
14895
14748
14735
15868
14685
14815
13519
14338
14548
14909
12727
16672
15533
14225
15338
14341
14588
15142
13838
15322
15452
14953
16823
13610
15426
14692
15242
15455
14861
14870
15028
14246
13940
13341
14277
15565
12995
15358
15324
15225
14302
14338
15167
15510
15100
15592
14331
13168
14601
13697
14156
14184
14467
13571
15567
14652
15119
14910
14143
14897
14995
15037
13214
14305
16183
15732
14267
15287
13401
14494
13961
13557
14534
16094
14499
15393
13613
15209
12818
14183
14760
14373
13877
13902
12757
15558
13921
14330
14347
15123
14717
14889
13816
14637
13882
13064
14532
15000
13541
14259
14082
14174
15009
13813
13981
13440
14416
15406
13819
15479
12952
14960
14409
13460
14654
14260
11824
14669
13240
13826
14694
14479
14185
14898
13651
13806
13980
14764
14096
13772
14241
13691
13722
12140
15673
13449
14054
13999
15128
13459
13996
14791
13936
12867
14162
13685
12796
14444
12692
14697
14169
14429
15190
13857
13853
14169
13519
14110
13052
13633
11911
13770
13642
14635
13322
14224
12476
15279
12565
13785
14196
14149
13603
13375
14414
13927
13534
12991
13008
15213
13661
13422
14385
14445
14287
13881
13963
12374
13667
13010
14400
13226
14756
13587
13421
13457
13392
13116
13712
14072
14157
14448
13719
13927
11667
12994
13957
14345
13856
13203
13516
13660
12912
14991
13857
13037
13946
12524
13695
13825
13209
13131
13285
14294
13729
12916
13559
12926
12287
13589
12343
12611
12706
14771
13780
14422
13298
13445
12568
13598
13737
11726
12668
13415
13854
13776
13117
11893
13594
14288
12658
12826
13379
13432
12576
13567
13603
13881
12452
12196
12599
12559
12205
13479
12668
13476
12897
14020
13625
12630
13139
13731
13457
12740
13717
13101
13212
12111
12230
12385
14287
13616
11903
14110
13006
12135
12787
13553
12553
13348
12858
14676
12536
13469
13551
12303
13281
11955
11866
14264
12601
13453
14241
13074
12495
13242
12914
12772
12921
13151
13904
12426
12394
13373
12035
13209
10974
12238
13418
14174
12432
13583
11993
13386
13468
13763
13015
12466
12188
13806
11291
13090
11718
12237
12710
13741
12392
12125
12036
12843
11329
13611
11220
13263
12073
12983
12237
12377
11745
11637
13139
13497
14066
12345
12336
11984
12241
12372
13585
13497
11222
13065
11568
12419
11272
13099
11538
11701
13101
11360
13312
12454
11637
13196
12565
13313
11092
11131
12695
13474
12467
12216
12554
11262
11276
13468
13261
11635
13253
12528
13752
11970
12884
13917
10932
12982
12063
13304
11468
13154
11696
12578
12360
11302
12280
12435
12163
12386
11531
12393
13567
12042
12360
12766
11988
12373
13417
12295
12248
12434
12909
12717
12618
12761
12927
12709
12139
12892
12567
12738
11532
12957
11770
13197
11954
12180
11169
11061
12401
13030
11082
13095
13222
11511
12241
10984
13289
13331
11751
13077
13377
10719
13124
12607
11589
11231
13716
10735
13322
12056
11712
12964
12029
12251
12935
12786
11207
12057
11700
10928
11424
11613
12030
11023
12098
13054
11905
10315
11884
11610
12352
11313
11544
12169
12065
