0.112915 0.0548468 0.167762
0.0420739 0.0445016 0.0865755
0.046107 0.0504265 0.0965335
0.0399959 0.0521054 0.0921013
0.0399473 0.0478709 0.0878181
0.0399188 0.0460998 0.0860186
0.0396092 0.0477148 0.087324
0.0397439 0.0467141 0.0864581
0.0403553 0.0452044 0.0855597
0.0408595 0.0456831 0.0865426
0.0407778 0.0458288 0.0866066
0.0404323 0.0446057 0.0850381
0.0404847 0.0446018 0.0850865
0.0372579 0.0445146 0.0817725
0.0307692 0.0451112 0.0758804
0.0304992 0.0453867 0.0758859
0.0298812 0.0442311 0.0741123
0.030162 0.044164 0.074326
0.0301123 0.0443289 0.0744412
0.0298715 0.0436791 0.0735506
0.0299156 0.0436445 0.0735601
0.0297393 0.043028 0.0727673
0.0300115 0.0438557 0.0738672