       
     1	0
     2	0
     3	0
     4	0
     5	0
     6	0
     7	0
     8	0
     9	0
    10	0
    11	0
    12	0
    13	0
    14	0
    15	0
    16	0
    17	0
    18	0
    19	0
    20	0
    21	0
    22	0
    23	0
    24	0
    25	0
    26	0
    27	0
    28	0
    29	0
    30	0
    31	0
    32	0
    33	0
    34	0
    35	0
    36	0
    37	0
    38	0
    39	0
    40	0
    41	0
    42	0
    43	0
    44	0
    45	0
    46	0
    47	0
    48	0
    49	0
    50	0
    51	0
    52	0
    53	61
    54	63
    55	65
    56	65
    57	65
    58	66
    59	66
    60	66
    61	69
    62	69
    63	70
    64	72
    65	73
    66	73
    67	74
    68	74
    69	76
    70	76
    71	77
    72	77
    73	77
    74	78
    75	78
    76	78
    77	78
    78	79
    79	79
    80	80
    81	80
    82	80
    83	81
    84	81
    85	81
    86	81
    87	81
    88	81
    89	81
    90	82
    91	82
    92	82
    93	82
    94	82
    95	83
    96	83
    97	83
    98	83
    99	83
   100	83
   101	83
   102	84
   103	84
   104	84
   105	84
   106	84
   107	84
   108	84
   109	84
   110	84
   111	84
   112	85
   113	85
   114	85
   115	85
   116	85
   117	85
   118	85
   119	86
   120	86
   121	86
   122	86
   123	86
   124	86
   125	86
   126	86
   127	86
   128	86
   129	86
   130	86
   131	86
   132	87
   133	87
   134	87
   135	87
   136	87
   137	87
   138	87
   139	87
   140	87
   141	87
   142	88
   143	88
   144	88
   145	88
   146	88
   147	88
   148	88
   149	88
   150	88
   151	88
   152	88
   153	88
   154	88
   155	88
   156	88
   157	88
   158	88
   159	89
   160	89
   161	89
   162	89
   163	89
   164	89
   165	89
   166	89
   167	89
   168	89
   169	89
   170	89
   171	89
   172	89
   173	89
   174	89
   175	89
   176	89
   177	89
   178	89
   179	90
   180	90
   181	90
   182	90
   183	90
   184	90
   185	90
   186	90
   187	90
   188	90
   189	90
   190	91
   191	91
   192	91
   193	91
   194	91
   195	91
   196	91
   197	91
   198	91
   199	91
   200	91
   201	91
   202	91
   203	91
   204	91
   205	92
   206	92
   207	92
   208	92
   209	92
   210	92
   211	92
   212	92
   213	92
   214	92
   215	92
   216	92
   217	92
   218	92
   219	92
   220	92
   221	92
   222	92
   223	92
   224	92
   225	92
   226	92
   227	92
   228	92
   229	92
   230	92
   231	92
   232	92
   233	92
   234	93
   235	93
   236	93
   237	93
   238	93
   239	93
   240	93
   241	93
   242	93
   243	93
   244	93
   245	93
   246	93
   247	93
   248	93
   249	93
   250	93
   251	93
   252	93
   253	93
   254	93
   255	93
   256	93
   257	93
   258	93
   259	93
   260	94
   261	94
   262	94
   263	94
   264	94
   265	94
   266	94
   267	94
   268	94
   269	94
   270	94
   271	94
   272	94
   273	94
   274	94
   275	94
   276	94
   277	94
   278	94
   279	94
   280	94
   281	94
   282	94
   283	94
   284	94
   285	94
   286	95
   287	95
   288	95
   289	95
   290	95
   291	95
   292	95
   293	95
   294	95
   295	95
   296	95
   297	95
   298	95
   299	95
   300	95
   301	95
   302	95
   303	95
   304	95
   305	95
   306	95
   307	95
   308	95
   309	95
   310	95
   311	95
   312	95
   313	95
   314	95
   315	95
   316	95
   317	95
   318	96
   319	96
   320	96
   321	96
   322	96
   323	96
   324	96
   325	96
   326	96
   327	96
   328	96
   329	96
   330	96
   331	96
   332	96
   333	96
   334	96
   335	96
   336	96
   337	96
   338	96
   339	96
   340	96
   341	96
   342	96
   343	96
   344	96
   345	96
   346	96
   347	96
   348	97
   349	97
   350	97
   351	97
   352	97
   353	97
   354	97
   355	97
   356	97
   357	97
   358	97
   359	97
   360	97
   361	97
   362	97
   363	97
   364	97
   365	97
   366	97
   367	97
   368	97
   369	97
   370	97
   371	97
   372	97
   373	97
   374	97
   375	97
   376	97
   377	97
   378	97
   379	98
   380	98
   381	98
   382	98
   383	98
   384	98
   385	98
   386	98
   387	98
   388	98
   389	98
   390	98
   391	98
   392	98
   393	98
   394	98
   395	98
   396	98
   397	98
   398	98
   399	98
   400	98
   401	98
   402	98
   403	98
   404	98
   405	98
   406	98
   407	98
   408	98
   409	98
   410	98
   411	98
   412	98
   413	98
   414	98
   415	98
   416	98
   417	98
   418	98
   419	98
   420	99
   421	99
   422	99
   423	99
   424	99
   425	99
   426	99
   427	99
   428	99
   429	99
   430	99
   431	99
   432	99
   433	99
   434	99
   435	99
   436	99
   437	99
   438	99
   439	99
   440	99
   441	99
   442	99
   443	99
   444	99
   445	99
   446	99
   447	99
   448	99
   449	99
   450	99
   451	99
   452	99
   453	100
   454	100
   455	100
   456	100
   457	100
   458	100
   459	100
   460	100
   461	100
   462	100
   463	100
   464	100
   465	100
   466	100
   467	100
   468	100
   469	100
   470	100
   471	100
   472	100
   473	100
   474	100
   475	100
   476	100
   477	100
   478	100
   479	100
   480	100
   481	100
   482	100
   483	100
   484	100
   485	100
   486	100
   487	100
   488	100
   489	100
   490	101
   491	101
   492	101
   493	101
   494	101
   495	101
   496	101
   497	101
   498	101
   499	101
   500	101
   501	101
   502	101
   503	101
   504	101
   505	101
   506	101
   507	101
   508	101
   509	101
   510	101
   511	101
   512	101
   513	101
   514	101
   515	101
   516	101
   517	101
   518	101
   519	102
   520	102
   521	102
   522	102
   523	102
   524	102
   525	102
   526	102
   527	102
   528	102
   529	102
   530	102
   531	102
   532	102
   533	102
   534	102
   535	102
   536	102
   537	102
   538	102
   539	102
   540	102
   541	102
   542	102
   543	102
   544	102
   545	102
   546	102
   547	102
   548	102
   549	102
   550	102
   551	102
   552	102
   553	102
   554	102
   555	102
   556	102
   557	102
   558	102
   559	102
   560	102
   561	102
   562	102
   563	102
   564	102
   565	102
   566	103
   567	103
   568	103
   569	103
   570	103
   571	103
   572	103
   573	103
   574	103
   575	103
   576	103
   577	103
   578	103
   579	103
   580	103
   581	103
   582	103
   583	103
   584	103
   585	103
   586	103
   587	103
   588	103
   589	103
   590	103
   591	103
   592	103
   593	103
   594	103
   595	103
   596	103
   597	103
   598	103
   599	103
   600	103
   601	103
   602	103
   603	103
   604	103
   605	103
   606	104
   607	104
   608	104
   609	104
   610	104
   611	104
   612	104
   613	104
   614	104
   615	104
   616	104
   617	104
   618	104
   619	104
   620	104
   621	104
   622	104
   623	104
   624	104
   625	104
   626	104
   627	104
   628	104
   629	104
   630	104
   631	104
   632	104
   633	104
   634	104
   635	104
   636	104
   637	104
   638	104
   639	104
   640	104
   641	104
   642	104
   643	104
   644	104
   645	104
   646	105
   647	105
   648	105
   649	105
   650	105
   651	105
   652	105
   653	105
   654	105
   655	105
   656	105
   657	105
   658	105
   659	105
   660	105
   661	105
   662	105
   663	105
   664	105
   665	105
   666	105
   667	105
   668	105
   669	105
   670	105
   671	105
   672	105
   673	105
   674	105
   675	105
   676	105
   677	105
   678	105
   679	105
   680	105
   681	105
   682	105
   683	105
   684	105
   685	105
   686	105
   687	105
   688	105
   689	105
   690	105
   691	105
   692	105
   693	106
   694	106
   695	106
   696	106
   697	106
   698	106
   699	106
   700	106
   701	106
   702	106
   703	106
   704	106
   705	106
   706	106
   707	106
   708	106
   709	106
   710	106
   711	106
   712	106
   713	106
   714	106
   715	106
   716	106
   717	106
   718	106
   719	106
   720	106
   721	106
   722	106
   723	106
   724	106
   725	106
   726	106
   727	106
   728	106
   729	106
   730	106
   731	106
   732	106
   733	106
   734	106
   735	106
   736	106
   737	106
   738	106
   739	106
   740	106
   741	106
   742	106
   743	107
   744	107
   745	107
   746	107
   747	107
   748	107
   749	107
   750	107
   751	107
   752	107
   753	107
   754	107
   755	107
   756	107
   757	107
   758	107
   759	107
   760	107
   761	107
   762	107
   763	107
   764	107
   765	107
   766	107
   767	107
   768	107
   769	107
   770	107
   771	107
   772	107
   773	107
   774	107
   775	107
   776	107
   777	107
   778	107
   779	107
   780	107
   781	107
   782	107
   783	107
   784	107
   785	107
   786	107
   787	107
   788	107
   789	107
   790	107
   791	107
   792	107
   793	107
   794	108
   795	108
   796	108
   797	108
   798	108
   799	108
   800	108
   801	108
   802	108
   803	108
   804	108
   805	108
   806	108
   807	108
   808	108
   809	108
   810	108
   811	108
   812	108
   813	108
   814	108
   815	108
   816	108
   817	108
   818	108
   819	108
   820	108
   821	108
   822	108
   823	108
   824	108
   825	108
   826	108
   827	108
   828	108
   829	108
   830	108
   831	108
   832	108
   833	108
   834	108
   835	109
   836	109
   837	109
   838	109
   839	109
   840	109
   841	109
   842	109
   843	109
   844	109
   845	109
   846	109
   847	109
   848	109
   849	109
   850	109
   851	109
   852	109
   853	109
   854	109
   855	109
   856	109
   857	109
   858	109
   859	109
   860	109
   861	109
   862	109
   863	109
   864	109
   865	109
   866	109
   867	109
   868	109
   869	109
   870	109
   871	109
   872	109
   873	109
   874	109
   875	109
   876	109
   877	109
   878	109
   879	109
   880	109
   881	109
   882	109
   883	109
   884	109
   885	109
   886	109
   887	109
   888	109
   889	109
   890	109
   891	109
   892	109
   893	109
   894	110
   895	110
   896	110
   897	110
   898	110
   899	110
   900	110
   901	110
   902	110
   903	110
   904	110
   905	110
   906	110
   907	110
   908	110
   909	110
   910	110
   911	110
   912	110
   913	110
   914	110
   915	110
   916	110
   917	110
   918	110
   919	110
   920	110
   921	110
   922	110
   923	110
   924	110
   925	110
   926	110
   927	110
   928	110
   929	110
   930	110
   931	110
   932	110
   933	110
   934	110
   935	110
   936	111
   937	111
   938	111
   939	111
   940	111
   941	111
   942	111
   943	111
   944	111
   945	111
   946	111
   947	111
   948	111
   949	111
   950	111
   951	111
   952	111
   953	111
   954	111
   955	111
   956	111
   957	111
   958	111
   959	111
   960	111
   961	111
   962	111
   963	111
   964	111
   965	111
   966	111
   967	111
   968	111
   969	111
   970	111
   971	111
   972	111
   973	111
   974	111
   975	111
   976	111
   977	111
   978	111
   979	111
   980	111
   981	111
   982	111
   983	111
   984	111
   985	111
   986	111
   987	111
   988	111
   989	111
   990	111
   991	111
   992	111
   993	111
   994	111
   995	111
   996	111
   997	111
   998	111
   999	112
  1000	112
  1001	112
  1002	112
  1003	112
  1004	112
  1005	112
  1006	112
  1007	112
  1008	112
  1009	112
  1010	112
  1011	112
  1012	112
  1013	112
  1014	112
  1015	112
  1016	112
  1017	112
  1018	112
  1019	112
  1020	112
  1021	112
  1022	112
  1023	112
  1024	112
  1025	112
  1026	112
  1027	112
  1028	112
  1029	112
  1030	112
  1031	112
  1032	112
  1033	112
  1034	112
  1035	112
  1036	112
  1037	112
  1038	112
  1039	112
  1040	112
  1041	112
  1042	112
  1043	112
  1044	112
  1045	112
  1046	112
  1047	112
  1048	112
  1049	112
  1050	112
  1051	112
  1052	112
  1053	112
  1054	112
  1055	112
  1056	112
  1057	112
  1058	112
  1059	112
  1060	112
  1061	112
  1062	113
  1063	113
  1064	113
  1065	113
  1066	113
  1067	113
  1068	113
  1069	113
  1070	113
  1071	113
  1072	113
  1073	113
  1074	113
  1075	113
  1076	113
  1077	113
  1078	113
  1079	113
  1080	113
  1081	113
  1082	113
  1083	113
  1084	113
  1085	113
  1086	113
  1087	113
  1088	113
  1089	113
  1090	113
  1091	113
  1092	113
  1093	113
  1094	113
  1095	113
  1096	113
  1097	113
  1098	113
  1099	113
  1100	113
  1101	113
  1102	113
  1103	113
  1104	113
  1105	113
  1106	113
  1107	113
  1108	113
  1109	113
  1110	113
  1111	113
  1112	113
  1113	113
  1114	113
  1115	113
  1116	113
  1117	113
  1118	113
  1119	113
  1120	113
  1121	113
  1122	113
  1123	113
  1124	113
  1125	113
  1126	113
  1127	113
  1128	113
  1129	113
  1130	113
  1131	114
  1132	114
  1133	114
  1134	114
  1135	114
  1136	114
  1137	114
  1138	114
  1139	114
  1140	114
  1141	114
  1142	114
  1143	114
  1144	114
  1145	114
  1146	114
  1147	114
  1148	114
  1149	114
  1150	114
  1151	114
  1152	114
  1153	114
  1154	114
  1155	114
  1156	114
  1157	114
  1158	114
  1159	114
  1160	114
  1161	114
  1162	114
  1163	114
  1164	114
  1165	114
  1166	114
  1167	114
  1168	114
  1169	114
  1170	114
  1171	114
  1172	114
  1173	114
  1174	114
  1175	114
  1176	114
  1177	114
  1178	114
  1179	114
  1180	114
  1181	114
  1182	114
  1183	114
  1184	114
  1185	114
  1186	114
  1187	114
  1188	114
  1189	114
  1190	114
  1191	114
  1192	114
  1193	114
  1194	114
  1195	114
  1196	114
  1197	114
  1198	115
  1199	115
  1200	115
  1201	115
  1202	115
  1203	115
  1204	115
  1205	115
  1206	115
  1207	115
  1208	115
  1209	115
  1210	115
  1211	115
  1212	115
  1213	115
  1214	115
  1215	115
  1216	115
  1217	115
  1218	115
  1219	115
  1220	115
  1221	115
  1222	115
  1223	115
  1224	115
  1225	115
  1226	115
  1227	115
  1228	115
  1229	115
  1230	115
  1231	115
  1232	115
  1233	115
  1234	115
  1235	115
  1236	115
  1237	115
  1238	115
  1239	115
  1240	115
  1241	116
  1242	116
  1243	116
  1244	116
  1245	116
  1246	116
  1247	116
  1248	116
  1249	116
  1250	116
  1251	116
  1252	116
  1253	116
  1254	116
  1255	116
  1256	116
  1257	116
  1258	116
  1259	116
  1260	116
  1261	116
  1262	116
  1263	116
  1264	116
  1265	116
  1266	116
  1267	116
  1268	116
  1269	116
  1270	116
  1271	116
  1272	116
  1273	116
  1274	116
  1275	116
  1276	116
  1277	116
  1278	116
  1279	116
  1280	116
  1281	116
  1282	116
  1283	116
  1284	116
  1285	116
  1286	116
  1287	116
  1288	116
  1289	116
  1290	116
  1291	116
  1292	116
  1293	116
  1294	116
  1295	116
  1296	116
  1297	116
  1298	116
  1299	116
  1300	116
  1301	116
  1302	116
  1303	116
  1304	116
  1305	116
  1306	116
  1307	116
  1308	116
  1309	116
  1310	116
  1311	116
  1312	116
  1313	117
  1314	117
  1315	117
  1316	117
  1317	117
  1318	117
  1319	117
  1320	117
  1321	117
  1322	117
  1323	117
  1324	117
  1325	117
  1326	117
  1327	117
  1328	117
  1329	117
  1330	117
  1331	117
  1332	117
  1333	117
  1334	117
  1335	117
  1336	117
  1337	117
  1338	117
  1339	117
  1340	117
  1341	117
  1342	117
  1343	117
  1344	117
  1345	117
  1346	117
  1347	117
  1348	117
  1349	117
  1350	117
  1351	117
  1352	117
  1353	117
  1354	117
  1355	117
  1356	117
  1357	117
  1358	117
  1359	117
  1360	117
  1361	117
  1362	117
  1363	117
  1364	117
  1365	117
  1366	117
  1367	117
  1368	117
  1369	117
  1370	117
  1371	118
  1372	118
  1373	118
  1374	118
  1375	118
  1376	118
  1377	118
  1378	118
  1379	118
  1380	118
  1381	118
  1382	118
  1383	118
  1384	118
  1385	118
  1386	118
  1387	118
  1388	118
  1389	118
  1390	118
  1391	118
  1392	118
  1393	118
  1394	118
  1395	118
  1396	118
  1397	118
  1398	118
  1399	118
  1400	118
  1401	118
  1402	118
  1403	118
  1404	118
  1405	118
  1406	118
  1407	118
  1408	118
  1409	118
  1410	118
  1411	118
  1412	118
  1413	118
  1414	118
  1415	118
  1416	118
  1417	118
  1418	118
  1419	118
  1420	118
  1421	118
  1422	118
  1423	118
  1424	118
  1425	118
  1426	118
  1427	118
  1428	118
  1429	118
  1430	118
  1431	118
  1432	118
  1433	119
  1434	119
  1435	119
  1436	119
  1437	119
  1438	119
  1439	119
  1440	119
  1441	119
  1442	119
  1443	119
  1444	119
  1445	119
  1446	119
  1447	119
  1448	119
  1449	119
  1450	119
  1451	119
  1452	119
  1453	119
  1454	119
  1455	119
  1456	119
  1457	119
  1458	119
  1459	119
  1460	119
  1461	119
  1462	119
  1463	119
  1464	119
  1465	119
  1466	119
  1467	119
  1468	119
  1469	119
  1470	119
  1471	119
  1472	119
  1473	119
  1474	119
  1475	119
  1476	119
  1477	119
  1478	119
  1479	119
  1480	119
  1481	119
  1482	119
  1483	119
  1484	119
  1485	119
  1486	119
  1487	119
  1488	119
  1489	119
  1490	119
  1491	119
  1492	119
  1493	120
  1494	120
  1495	120
  1496	120
  1497	120
  1498	120
  1499	120
  1500	120
  1501	120
  1502	120
  1503	120
  1504	120
  1505	120
  1506	120
  1507	120
  1508	120
  1509	120
  1510	120
  1511	120
  1512	120
  1513	120
  1514	120
  1515	120
  1516	120
  1517	120
  1518	120
  1519	120
  1520	120
  1521	120
  1522	120
  1523	120
  1524	120
  1525	120
  1526	120
  1527	120
  1528	120
  1529	120
  1530	120
  1531	120
  1532	120
  1533	120
  1534	120
  1535	120
  1536	120
  1537	120
  1538	120
  1539	120
  1540	120
  1541	120
  1542	120
  1543	120
  1544	120
  1545	120
  1546	120
  1547	120
  1548	120
  1549	120
  1550	120
  1551	120
  1552	120
  1553	120
  1554	120
  1555	120
  1556	120
  1557	120
  1558	120
  1559	120
  1560	120
  1561	120
  1562	120
  1563	120
  1564	120
  1565	120
  1566	121
  1567	121
  1568	121
  1569	121
  1570	121
  1571	121
  1572	121
  1573	121
  1574	121
  1575	121
  1576	121
  1577	121
  1578	121
  1579	121
  1580	121
  1581	121
  1582	121
  1583	121
  1584	121
  1585	121
  1586	121
  1587	121
  1588	121
  1589	121
  1590	121
  1591	121
  1592	121
  1593	121
  1594	121
  1595	121
  1596	121
  1597	121
  1598	121
  1599	121
  1600	121
  1601	121
  1602	121
  1603	121
  1604	121
  1605	121
  1606	121
  1607	121
  1608	121
  1609	121
  1610	121
  1611	121
  1612	121
  1613	121
  1614	121
  1615	121
  1616	121
  1617	121
  1618	121
  1619	121
  1620	121
  1621	121
  1622	121
  1623	121
  1624	121
  1625	121
  1626	121
  1627	121
  1628	121
  1629	121
  1630	121
  1631	121
  1632	121
  1633	121
  1634	121
  1635	121
  1636	121
  1637	121
  1638	121
  1639	121
  1640	121
  1641	121
  1642	121
  1643	121
  1644	122
  1645	122
  1646	122
  1647	122
  1648	122
  1649	122
  1650	122
  1651	122
  1652	122
  1653	122
  1654	122
  1655	122
  1656	122
  1657	122
  1658	122
  1659	122
  1660	122
  1661	122
  1662	122
  1663	122
  1664	122
  1665	122
  1666	122
  1667	122
  1668	122
  1669	122
  1670	122
  1671	122
  1672	122
  1673	122
  1674	122
  1675	122
  1676	122
  1677	122
  1678	122
  1679	122
  1680	122
  1681	122
  1682	122
  1683	122
  1684	122
  1685	122
  1686	122
  1687	122
  1688	122
  1689	122
  1690	122
  1691	122
  1692	122
  1693	122
  1694	122
  1695	122
  1696	122
  1697	122
  1698	122
  1699	122
  1700	122
  1701	122
  1702	122
  1703	122
  1704	122
  1705	122
  1706	122
  1707	122
  1708	122
  1709	123
  1710	123
  1711	123
  1712	123
  1713	123
  1714	123
  1715	123
  1716	123
  1717	123
  1718	123
  1719	123
  1720	123
  1721	123
  1722	123
  1723	123
  1724	123
  1725	123
  1726	123
  1727	123
  1728	123
  1729	123
  1730	123
  1731	123
  1732	123
  1733	123
  1734	123
  1735	123
  1736	123
  1737	123
  1738	123
  1739	123
  1740	123
  1741	123
  1742	123
  1743	123
  1744	123
  1745	123
  1746	123
  1747	123
  1748	123
  1749	123
  1750	123
  1751	123
  1752	123
  1753	123
  1754	123
  1755	123
  1756	123
  1757	123
  1758	123
  1759	123
  1760	123
  1761	123
  1762	123
  1763	123
  1764	123
  1765	123
  1766	123
  1767	123
  1768	123
  1769	123
  1770	123
  1771	123
  1772	123
  1773	124
  1774	124
  1775	124
  1776	124
  1777	124
  1778	124
  1779	124
  1780	124
  1781	124
  1782	124
  1783	124
  1784	124
  1785	124
  1786	124
  1787	124
  1788	124
  1789	124
  1790	124
  1791	124
  1792	124
  1793	124
  1794	124
  1795	124
  1796	124
  1797	124
  1798	124
  1799	124
  1800	124
  1801	124
  1802	124
  1803	124
  1804	124
  1805	124
  1806	124
  1807	124
  1808	124
  1809	124
  1810	124
  1811	124
  1812	124
  1813	124
  1814	124
  1815	124
  1816	124
  1817	124
  1818	124
  1819	124
  1820	124
  1821	124
  1822	124
  1823	124
  1824	124
  1825	124
  1826	124
  1827	124
  1828	124
  1829	124
  1830	124
  1831	124
  1832	124
  1833	124
  1834	124
  1835	124
  1836	124
  1837	124
  1838	124
  1839	125
  1840	125
  1841	125
  1842	125
  1843	125
  1844	125
  1845	125
  1846	125
  1847	125
  1848	125
  1849	125
  1850	125
  1851	125
  1852	125
  1853	125
  1854	125
  1855	125
  1856	125
  1857	125
  1858	125
  1859	125
  1860	125
  1861	125
  1862	125
  1863	125
  1864	125
  1865	125
  1866	125
  1867	125
  1868	125
  1869	125
  1870	125
  1871	125
  1872	125
  1873	125
  1874	125
  1875	125
  1876	125
  1877	125
  1878	125
  1879	125
  1880	125
  1881	125
  1882	125
  1883	125
  1884	125
  1885	125
  1886	125
  1887	125
  1888	125
  1889	125
  1890	125
  1891	125
  1892	125
  1893	125
  1894	125
  1895	125
  1896	125
  1897	125
  1898	125
  1899	125
  1900	125
  1901	125
  1902	125
  1903	125
  1904	125
  1905	125
  1906	125
  1907	125
  1908	125
  1909	125
  1910	125
  1911	125
  1912	125
  1913	125
  1914	125
  1915	125
  1916	125
  1917	125
  1918	126
  1919	126
  1920	126
  1921	126
  1922	126
  1923	126
  1924	126
  1925	126
  1926	126
  1927	126
  1928	126
  1929	126
  1930	126
  1931	126
  1932	126
  1933	126
  1934	126
  1935	126
  1936	126
  1937	126
  1938	126
  1939	126
  1940	126
  1941	126
  1942	126
  1943	126
  1944	126
  1945	126
  1946	126
  1947	126
  1948	126
  1949	126
  1950	126
  1951	126
  1952	126
  1953	126
  1954	126
  1955	126
  1956	126
  1957	126
  1958	126
  1959	126
  1960	126
  1961	126
  1962	126
  1963	126
  1964	126
  1965	126
  1966	126
  1967	126
  1968	126
  1969	126
  1970	126
  1971	126
  1972	126
  1973	126
  1974	126
  1975	126
  1976	127
  1977	127
  1978	127
  1979	127
  1980	127
  1981	127
  1982	127
  1983	127
  1984	127
  1985	127
  1986	127
  1987	127
  1988	127
  1989	127
  1990	127
  1991	127
  1992	127
  1993	127
  1994	127
  1995	127
  1996	127
  1997	127
  1998	127
  1999	127
  2000	127
  2001	127
  2002	127
  2003	127
  2004	127
  2005	127
  2006	127
  2007	127
  2008	127
  2009	127
  2010	127
  2011	127
  2012	127
  2013	127
  2014	127
  2015	127
  2016	127
  2017	127
  2018	127
  2019	127
  2020	127
  2021	127
  2022	127
  2023	127
  2024	127
  2025	128
  2026	128
  2027	128
  2028	128
  2029	128
  2030	128
  2031	128
  2032	128
  2033	128
  2034	128
  2035	128
  2036	128
  2037	128
  2038	128
  2039	128
  2040	128
  2041	128
  2042	128
  2043	128
  2044	128
  2045	128
  2046	128
  2047	128
  2048	128
  2049	128
  2050	128
  2051	128
  2052	128
  2053	128
  2054	128
  2055	128
  2056	128
  2057	128
  2058	128
  2059	128
  2060	128
  2061	128
  2062	128
  2063	128
  2064	128
  2065	128
  2066	128
  2067	128
  2068	128
  2069	128
  2070	128
  2071	128
  2072	128
  2073	128
  2074	128
  2075	128
  2076	128
  2077	128
  2078	128
  2079	128
  2080	128
  2081	128
  2082	128
  2083	128
  2084	128
  2085	128
  2086	128
  2087	128
  2088	128
  2089	129
  2090	129
  2091	129
  2092	129
  2093	129
  2094	129
  2095	129
  2096	129
  2097	129
  2098	129
  2099	129
  2100	129
  2101	129
  2102	129
  2103	129
  2104	129
  2105	129
  2106	129
  2107	129
  2108	129
  2109	129
  2110	129
  2111	129
  2112	129
  2113	129
  2114	129
  2115	129
  2116	129
  2117	129
  2118	129
  2119	129
  2120	129
  2121	129
  2122	129
  2123	129
  2124	129
  2125	129
  2126	129
  2127	129
  2128	129
  2129	129
  2130	129
  2131	129
  2132	129
  2133	129
  2134	129
  2135	129
  2136	129
  2137	129
  2138	129
  2139	129
  2140	129
  2141	129
  2142	129
  2143	129
  2144	129
  2145	130
  2146	130
  2147	130
  2148	130
  2149	130
  2150	130
  2151	130
  2152	130
  2153	130
  2154	130
  2155	130
  2156	130
  2157	130
  2158	130
  2159	130
  2160	130
  2161	130
  2162	130
  2163	130
  2164	130
  2165	130
  2166	130
  2167	130
  2168	130
  2169	130
  2170	130
  2171	130
  2172	130
  2173	130
  2174	130
  2175	130
  2176	130
  2177	130
  2178	130
  2179	130
  2180	130
  2181	130
  2182	130
  2183	130
  2184	130
  2185	130
  2186	130
  2187	130
  2188	130
  2189	130
  2190	130
  2191	130
  2192	130
  2193	130
  2194	130
  2195	130
  2196	130
  2197	130
  2198	130
  2199	130
  2200	130
  2201	130
  2202	130
  2203	130
  2204	130
  2205	130
  2206	130
  2207	130
  2208	130
  2209	130
  2210	130
  2211	130
  2212	130
  2213	130
  2214	130
  2215	130
  2216	130
  2217	130
  2218	131
  2219	131
  2220	131
  2221	131
  2222	131
  2223	131
  2224	131
  2225	131
  2226	131
  2227	131
  2228	131
  2229	131
  2230	131
  2231	131
  2232	131
  2233	131
  2234	131
  2235	131
  2236	131
  2237	131
  2238	131
  2239	131
  2240	131
  2241	131
  2242	131
  2243	131
  2244	131
  2245	131
  2246	131
  2247	131
  2248	131
  2249	131
  2250	131
  2251	131
  2252	131
  2253	131
  2254	131
  2255	131
  2256	131
  2257	131
  2258	131
  2259	131
  2260	131
  2261	131
  2262	131
  2263	131
  2264	131
  2265	131
  2266	131
  2267	131
  2268	131
  2269	131
  2270	131
  2271	131
  2272	131
  2273	131
  2274	131
  2275	131
  2276	131
  2277	131
  2278	131
  2279	131
  2280	131
  2281	131
  2282	131
  2283	131
  2284	131
  2285	131
  2286	131
  2287	131
  2288	131
  2289	131
  2290	131
  2291	131
  2292	131
  2293	131
  2294	131
  2295	131
  2296	132
  2297	132
  2298	132
  2299	132
  2300	132
  2301	132
  2302	132
  2303	132
  2304	132
  2305	132
  2306	132
  2307	132
  2308	132
  2309	132
  2310	132
  2311	132
  2312	132
  2313	132
  2314	132
  2315	132
  2316	132
  2317	132
  2318	132
  2319	132
  2320	132
  2321	132
  2322	132
  2323	132
  2324	132
  2325	132
  2326	132
  2327	132
  2328	132
  2329	132
  2330	132
  2331	132
  2332	132
  2333	132
  2334	132
  2335	132
  2336	132
  2337	132
  2338	132
  2339	132
  2340	132
  2341	132
  2342	132
  2343	132
  2344	132
  2345	132
  2346	132
  2347	132
  2348	132
  2349	132
  2350	133
  2351	133
  2352	133
  2353	133
  2354	133
  2355	133
  2356	133
  2357	133
  2358	133
  2359	133
  2360	133
  2361	133
  2362	133
  2363	133
  2364	133
  2365	133
  2366	133
  2367	133
  2368	133
  2369	133
  2370	133
  2371	133
  2372	133
  2373	133
  2374	133
  2375	133
  2376	133
  2377	133
  2378	133
  2379	133
  2380	133
  2381	133
  2382	133
  2383	133
  2384	133
  2385	133
  2386	133
  2387	133
  2388	133
  2389	133
  2390	133
  2391	133
  2392	133
  2393	133
  2394	133
  2395	133
  2396	133
  2397	133
  2398	133
  2399	133
  2400	133
  2401	133
  2402	133
  2403	133
  2404	133
  2405	133
  2406	133
  2407	133
  2408	133
  2409	133
  2410	133
  2411	133
  2412	133
  2413	133
  2414	133
  2415	133
  2416	133
  2417	133
  2418	133
  2419	134
  2420	134
  2421	134
  2422	134
  2423	134
  2424	134
  2425	134
  2426	134
  2427	134
  2428	134
  2429	134
  2430	134
  2431	134
  2432	134
  2433	134
  2434	134
  2435	134
  2436	134
  2437	134
  2438	134
  2439	134
  2440	134
  2441	134
  2442	134
  2443	134
  2444	134
  2445	134
  2446	134
  2447	134
  2448	134
  2449	134
  2450	134
  2451	134
  2452	134
  2453	134
  2454	134
  2455	134
  2456	134
  2457	134
  2458	134
  2459	134
  2460	134
  2461	134
  2462	134
  2463	134
  2464	134
  2465	134
  2466	134
  2467	134
  2468	134
  2469	134
  2470	134
  2471	134
  2472	134
  2473	134
  2474	134
  2475	134
  2476	134
  2477	134
  2478	134
  2479	134
  2480	134
  2481	134
  2482	134
  2483	134
  2484	134
  2485	134
  2486	135
  2487	135
  2488	135
  2489	135
  2490	135
  2491	135
  2492	135
  2493	135
  2494	135
  2495	135
  2496	135
  2497	135
  2498	135
  2499	135
  2500	135
  2501	135
  2502	135
  2503	135
  2504	135
  2505	135
  2506	135
  2507	135
  2508	135
  2509	135
  2510	135
  2511	135
  2512	135
  2513	135
  2514	135
  2515	135
  2516	135
  2517	135
  2518	135
  2519	135
  2520	135
  2521	135
  2522	135
  2523	135
  2524	135
  2525	135
  2526	135
  2527	135
  2528	135
  2529	135
  2530	135
  2531	135
  2532	135
  2533	135
  2534	135
  2535	135
  2536	135
  2537	135
  2538	135
  2539	135
  2540	135
  2541	135
  2542	135
  2543	135
  2544	135
  2545	135
  2546	135
  2547	135
  2548	135
  2549	135
  2550	135
  2551	136
  2552	136
  2553	136
  2554	136
  2555	136
  2556	136
  2557	136
  2558	136
  2559	136
  2560	136
  2561	136
  2562	136
  2563	136
  2564	136
  2565	136
  2566	136
  2567	136
  2568	136
  2569	136
  2570	136
  2571	136
  2572	136
  2573	136
  2574	136
  2575	136
  2576	136
  2577	136
  2578	136
  2579	136
  2580	136
  2581	136
  2582	136
  2583	136
  2584	136
  2585	136
  2586	136
  2587	136
  2588	136
  2589	136
  2590	136
  2591	136
  2592	136
  2593	136
  2594	136
  2595	136
  2596	136
  2597	136
  2598	136
  2599	136
  2600	136
  2601	136
  2602	136
  2603	136
  2604	136
  2605	136
  2606	136
  2607	136
  2608	136
  2609	136
  2610	136
  2611	136
  2612	136
  2613	136
  2614	136
  2615	136
  2616	136
  2617	136
  2618	136
  2619	136
  2620	136
  2621	136
  2622	136
  2623	136
  2624	136
  2625	136
  2626	136
  2627	136
  2628	136
  2629	136
  2630	137
  2631	137
  2632	137
  2633	137
  2634	137
  2635	137
  2636	137
  2637	137
  2638	137
  2639	137
  2640	137
  2641	137
  2642	137
  2643	137
  2644	137
  2645	137
  2646	137
  2647	137
  2648	137
  2649	137
  2650	137
  2651	137
  2652	137
  2653	137
  2654	137
  2655	137
  2656	137
  2657	137
  2658	137
  2659	137
  2660	137
  2661	137
  2662	137
  2663	137
  2664	137
  2665	137
  2666	137
  2667	137
  2668	137
  2669	137
  2670	137
  2671	137
  2672	137
  2673	137
  2674	137
  2675	137
  2676	137
  2677	137
  2678	137
  2679	137
  2680	137
  2681	137
  2682	137
  2683	137
  2684	137
  2685	137
  2686	137
  2687	137
  2688	137
  2689	137
  2690	137
  2691	137
  2692	137
  2693	137
  2694	137
  2695	137
  2696	137
  2697	137
  2698	137
  2699	137
  2700	137
  2701	137
  2702	137
  2703	137
  2704	137
  2705	138
  2706	138
  2707	138
  2708	138
  2709	138
  2710	138
  2711	138
  2712	138
  2713	138
  2714	138
  2715	138
  2716	138
  2717	138
  2718	138
  2719	138
  2720	138
  2721	138
  2722	138
  2723	138
  2724	138
  2725	138
  2726	138
  2727	138
  2728	138
  2729	138
  2730	138
  2731	138
  2732	138
  2733	138
  2734	138
  2735	138
  2736	138
  2737	138
  2738	138
  2739	138
  2740	138
  2741	138
  2742	138
  2743	138
  2744	138
  2745	138
  2746	138
  2747	138
  2748	138
  2749	138
  2750	138
  2751	138
  2752	138
  2753	138
  2754	138
  2755	138
  2756	138
  2757	138
  2758	138
  2759	138
  2760	138
  2761	138
  2762	139
  2763	139
  2764	139
  2765	139
  2766	139
  2767	139
  2768	139
  2769	139
  2770	139
  2771	139
  2772	139
  2773	139
  2774	139
  2775	139
  2776	139
  2777	139
  2778	139
  2779	139
  2780	139
  2781	139
  2782	139
  2783	139
  2784	139
  2785	139
  2786	139
  2787	139
  2788	139
  2789	139
  2790	139
  2791	139
  2792	139
  2793	139
  2794	139
  2795	139
  2796	139
  2797	139
  2798	139
  2799	139
  2800	139
  2801	139
  2802	139
  2803	139
  2804	139
  2805	139
  2806	139
  2807	139
  2808	139
  2809	139
  2810	139
  2811	139
  2812	140
  2813	140
  2814	140
  2815	140
  2816	140
  2817	140
  2818	140
  2819	140
  2820	140
  2821	140
  2822	140
  2823	140
  2824	140
  2825	140
  2826	140
  2827	140
  2828	140
  2829	140
  2830	140
  2831	140
  2832	140
  2833	140
  2834	140
  2835	140
  2836	140
  2837	140
  2838	140
  2839	140
  2840	140
  2841	140
  2842	140
  2843	140
  2844	140
  2845	140
  2846	140
  2847	140
  2848	140
  2849	140
  2850	140
  2851	140
  2852	140
  2853	140
  2854	140
  2855	140
  2856	140
  2857	140
  2858	140
  2859	140
  2860	140
  2861	140
  2862	140
  2863	140
  2864	140
  2865	140
  2866	140
  2867	140
  2868	140
  2869	141
  2870	141
  2871	141
  2872	141
  2873	141
  2874	141
  2875	141
  2876	141
  2877	141
  2878	141
  2879	141
  2880	141
  2881	141
  2882	141
  2883	141
  2884	141
  2885	141
  2886	141
  2887	141
  2888	141
  2889	141
  2890	141
  2891	141
  2892	141
  2893	141
  2894	141
  2895	141
  2896	141
  2897	141
  2898	141
  2899	141
  2900	141
  2901	141
  2902	141
  2903	141
  2904	141
  2905	141
  2906	141
  2907	141
  2908	141
  2909	141
  2910	141
  2911	141
  2912	141
  2913	141
  2914	141
  2915	141
  2916	141
  2917	141
  2918	141
  2919	141
  2920	141
  2921	142
  2922	142
  2923	142
  2924	142
  2925	142
  2926	142
  2927	142
  2928	142
  2929	142
  2930	142
  2931	142
  2932	142
  2933	142
  2934	142
  2935	142
  2936	142
  2937	142
  2938	142
  2939	142
  2940	142
  2941	142
  2942	142
  2943	142
  2944	142
  2945	142
  2946	142
  2947	142
  2948	142
  2949	142
  2950	142
  2951	142
  2952	142
  2953	142
  2954	142
  2955	142
  2956	142
  2957	142
  2958	142
  2959	142
  2960	142
  2961	142
  2962	142
  2963	142
  2964	142
  2965	142
  2966	142
  2967	142
  2968	142
  2969	142
  2970	142
  2971	142
  2972	142
  2973	142
  2974	142
  2975	142
  2976	142
  2977	142
  2978	142
  2979	142
  2980	142
  2981	142
  2982	142
  2983	142
  2984	142
  2985	142
  2986	142
  2987	142
  2988	142
  2989	142
  2990	142
  2991	142
  2992	142
  2993	142
  2994	142
  2995	142
  2996	142
  2997	142
  2998	142
  2999	142
  3000	142
  3001	142
  3002	142
  3003	142
  3004	143
  3005	143
  3006	143
  3007	143
  3008	143
  3009	143
  3010	143
  3011	143
  3012	143
  3013	143
  3014	143
  3015	143
  3016	143
  3017	143
  3018	143
  3019	143
  3020	143
  3021	143
  3022	143
  3023	143
  3024	143
  3025	143
  3026	143
  3027	143
  3028	143
  3029	143
  3030	143
  3031	143
  3032	143
  3033	143
  3034	143
  3035	143
  3036	143
  3037	143
  3038	143
  3039	143
  3040	143
  3041	143
  3042	143
  3043	143
  3044	143
  3045	143
  3046	143
  3047	143
  3048	143
  3049	143
  3050	143
  3051	143
  3052	143
  3053	143
  3054	143
  3055	143
  3056	143
  3057	143
  3058	143
  3059	143
  3060	143
  3061	143
  3062	143
  3063	143
  3064	143
  3065	143
  3066	144
  3067	144
  3068	144
  3069	144
  3070	144
  3071	144
  3072	144
  3073	144
  3074	144
  3075	144
  3076	144
  3077	144
  3078	144
  3079	144
  3080	144
  3081	144
  3082	144
  3083	144
  3084	144
  3085	144
  3086	144
  3087	144
  3088	144
  3089	144
  3090	144
  3091	144
  3092	144
  3093	144
  3094	144
  3095	144
  3096	144
  3097	144
  3098	144
  3099	144
  3100	144
  3101	144
  3102	144
  3103	144
  3104	144
  3105	144
  3106	144
  3107	144
  3108	144
  3109	144
  3110	144
  3111	144
  3112	144
  3113	144
  3114	144
  3115	144
  3116	144
  3117	144
  3118	144
  3119	144
  3120	144
  3121	144
  3122	144
  3123	144
  3124	144
  3125	144
  3126	144
  3127	144
  3128	144
  3129	144
  3130	144
  3131	144
  3132	144
  3133	144
  3134	144
  3135	144
  3136	145
  3137	145
  3138	145
  3139	145
  3140	145
  3141	145
  3142	145
  3143	145
  3144	145
  3145	145
  3146	145
  3147	145
  3148	145
  3149	145
  3150	145
  3151	145
  3152	145
  3153	145
  3154	145
  3155	145
  3156	145
  3157	145
  3158	145
  3159	145
  3160	145
  3161	145
  3162	145
  3163	145
  3164	145
  3165	145
  3166	145
  3167	145
  3168	145
  3169	145
  3170	145
  3171	145
  3172	145
  3173	145
  3174	145
  3175	145
  3176	145
  3177	145
  3178	145
  3179	145
  3180	145
  3181	145
  3182	145
  3183	145
  3184	145
  3185	145
  3186	145
  3187	145
  3188	145
  3189	145
  3190	145
  3191	145
  3192	145
  3193	145
  3194	145
  3195	145
  3196	145
  3197	145
  3198	145
  3199	145
  3200	145
  3201	145
  3202	145
  3203	145
  3204	145
  3205	145
  3206	145
  3207	145
  3208	145
  3209	145
  3210	145
  3211	145
  3212	146
  3213	146
  3214	146
  3215	146
  3216	146
  3217	146
  3218	146
  3219	146
  3220	146
  3221	146
  3222	146
  3223	146
  3224	146
  3225	146
  3226	146
  3227	146
  3228	146
  3229	146
  3230	146
  3231	146
  3232	146
  3233	146
  3234	146
  3235	146
  3236	146
  3237	146
  3238	146
  3239	146
  3240	146
  3241	146
  3242	146
  3243	146
  3244	146
  3245	146
  3246	146
  3247	146
  3248	146
  3249	146
  3250	146
  3251	146
  3252	146
  3253	146
  3254	146
  3255	146
  3256	146
  3257	146
  3258	146
  3259	146
  3260	146
  3261	146
  3262	146
  3263	146
  3264	146
  3265	146
  3266	146
  3267	146
  3268	146
  3269	146
  3270	146
  3271	146
  3272	146
  3273	147
  3274	147
  3275	147
  3276	147
  3277	147
  3278	147
  3279	147
  3280	147
  3281	147
  3282	147
  3283	147
  3284	147
  3285	147
  3286	147
  3287	147
  3288	147
  3289	147
  3290	147
  3291	147
  3292	147
  3293	147
  3294	147
  3295	147
  3296	147
  3297	147
  3298	147
  3299	147
  3300	147
  3301	147
  3302	147
  3303	147
  3304	147
  3305	147
  3306	147
  3307	147
  3308	147
  3309	147
  3310	147
  3311	147
  3312	147
  3313	147
  3314	147
  3315	147
  3316	147
  3317	147
  3318	147
  3319	147
  3320	147
  3321	147
  3322	147
  3323	147
  3324	147
  3325	147
  3326	147
  3327	147
  3328	147
  3329	147
  3330	147
  3331	147
  3332	148
  3333	148
  3334	148
  3335	148
  3336	148
  3337	148
  3338	148
  3339	148
  3340	148
  3341	148
  3342	148
  3343	148
  3344	148
  3345	148
  3346	148
  3347	148
  3348	148
  3349	148
  3350	148
  3351	148
  3352	148
  3353	148
  3354	148
  3355	148
  3356	148
  3357	148
  3358	148
  3359	148
  3360	148
  3361	148
  3362	148
  3363	148
  3364	148
  3365	148
  3366	148
  3367	148
  3368	148
  3369	148
  3370	148
  3371	148
  3372	148
  3373	148
  3374	148
  3375	148
  3376	148
  3377	148
  3378	148
  3379	148
  3380	148
  3381	148
  3382	148
  3383	148
  3384	148
  3385	148
  3386	148
  3387	148
  3388	148
  3389	148
  3390	148
  3391	148
  3392	148
  3393	148
  3394	148
  3395	148
  3396	148
  3397	148
  3398	149
  3399	149
  3400	149
  3401	149
  3402	149
  3403	149
  3404	149
  3405	149
  3406	149
  3407	149
  3408	149
  3409	149
  3410	149
  3411	149
  3412	149
  3413	149
  3414	149
  3415	149
  3416	149
  3417	149
  3418	149
  3419	149
  3420	149
  3421	149
  3422	149
  3423	149
  3424	149
  3425	149
  3426	149
  3427	149
  3428	149
  3429	149
  3430	149
  3431	149
  3432	149
  3433	149
  3434	149
  3435	149
  3436	149
  3437	149
  3438	149
  3439	149
